TT     ID     AT     WT     ST     
8     1     1     3     4
8     2     1     5     2
12     4     3     7     2
0     10     7     -842150451     0
16     6     4     2     10
16     5     3     11     2
19     9     6     0     13
19     18     14     0     5
25     13     10     12     3
26     20     15     7     4
26     21     15     7     4
26     19     14     8     4
28     14     10     12     6
28     26     18     4     6
33     22     16     7     10
33     23     16     7     10
33     24     16     7     10
35     11     9     13     13
40     12     9     13     18
40     15     12     23     5
42     16     12     23     7
45     7     5     32     8
47     8     6     29     12
61     3     2     -842150451     61
71     25     17     44     10

.....................................................


.....................................................
           Important Statistics        
Passengers: 21   [V: 12,P: 9]
Cargos: 4
Avg Wait -67372025
Avg Service 9
AutoS 0%
